correct:[34080, 43933]
faulty:[27766, 5995]
21920
correct:[550, 56387]
faulty:[22844, 62201]
30112
correct:[36476, 63213]
faulty:[45298, 48515]
30176
correct:[31294, 45767]
faulty:[36748, 4885]
21600
correct:[45345, 47060]
faulty:[27775, 7978]
30112
correct:[28442, 25573]
faulty:[46428, 60419]
21920
correct:[17617, 48464]
faulty:[38343, 6630]
30112
correct:[33966, 45102]
faulty:[40904, 57064]
30112
correct:[53381, 53114]
faulty:[61623, 47848]
21920
correct:[12033, 18184]
faulty:[27507, 22042]
21856
correct:[50815, 64315]
faulty:[47721, 62029]
30048
correct:[34398, 14530]
faulty:[36168, 26164]
21984
correct:[55622, 33593]
faulty:[51760, 50671]
21920
correct:[54627, 12242]
faulty:[5661, 55564]
13728
correct:[29185, 19753]
faulty:[31043, 29579]
13792
correct:[4444, 57527]
faulty:[32582, 15117]
46496
correct:[29864, 38390]
faulty:[33246, 13792]
21856
correct:[29733, 60686]
faulty:[18959, 42692]
30176
correct:[41076, 12320]
faulty:[11654, 2481]
46179
correct:[19984, 58220]
faulty:[26726, 37050]
21920
correct:[43505, 24567]
faulty:[55223, 21585]
30176
correct:[12956, 17772]
faulty:[60114, 51330]
21920
correct:[25663, 51193]
faulty:[37177, 26527]
21856
correct:[52874, 46874]
faulty:[62212, 65396]
30176
correct:[15160, 48241]
faulty:[11162, 55667]
30112
correct:[32184, 53672]
faulty:[27846, 62838]
13728
correct:[22125, 37569]
faulty:[22071, 51067]
21984
correct:[56770, 10335]
faulty:[4308, 20649]
46560
correct:[52737, 1098]
faulty:[63635, 26424]
21984
correct:[47342, 58347]
faulty:[50852, 59457]
30176
correct:[21376, 5663]
faulty:[39558, 35449]
21856
correct:[41098, 49860]
faulty:[52436, 39738]
13728
correct:[44737, 36595]
faulty:[59327, 61997]
13728
correct:[50708, 417]
faulty:[1670, 38035]
21920
correct:[9004, 15395]
faulty:[11778, 34028]
46561
correct:[24073, 64453]
faulty:[47035, 42900]
46563
correct:[62404, 22455]
faulty:[32122, 27816]
46497
correct:[41223, 43013]
faulty:[33105, 56755]
21984
correct:[64199, 5144]
faulty:[55621, 25338]
21856
correct:[21981, 11784]
faulty:[16102, 3923]
19040
correct:[38935, 15283]
faulty:[25217, 38085]
21984
correct:[11150, 37141]
faulty:[18396, 18663]
46496
correct:[53878, 8303]
faulty:[35620, 11421]
21920
correct:[3431, 63341]
faulty:[7933, 20822]
46497
correct:[19775, 40985]
faulty:[25737, 56335]
21920
correct:[19810, 5583]
faulty:[24556, 12961]
13792
correct:[64386, 42131]
faulty:[10700, 9085]
21920
correct:[15130, 1947]
faulty:[12652, 14349]
13792
correct:[3076, 22631]
faulty:[14210, 5633]
30176
correct:[35642, 14983]
faulty:[44380, 18753]
21920
